
1	2000	0.0004306036 [ 	-4.697222	-1.434866 ][ 	-3.854197	-3.192524 ][ 	2.703946	2.369462 ][ 	2.937229	-0.908241 ][ 	3.768668	-1.027033 ][ 	-0.178595	3.788339 ][ 	3.039502	1.944376 ][ 	3.722227	0.328686 ][ 	-3.510941	-3.572653 ][ 	-1.888108	1.808472 ][ 	3.791875	-0.790388 ][ 	-3.973249	-3.501068 ][ 	-4.531592	1.000000 ][ 	3.756387	0.126440 ][ 	3.238457	1.631604 ][ 	2.523120	0.782494 ][ 	-2.778739	3.095774 ][ 	3.106351	2.172161 ][ 	3.575493	-1.871213 ]	(((v)-(v))-(x+v))-(v+p)
2	2000	0.0006626766 [ 	3.639973	-1.669802 ][ 	2.993640	2.010922 ][ 	1.160458	-4.467812 ][ 	3.393236	2.590889 ][ 	-2.393236	-1.590889 ][ 	2.573751	1.047390 ][ 	-3.502463	3.967749 ][ 	-3.547070	-3.536749 ][ 	2.875530	-0.782416 ][ 	-3.743213	-3.325471 ][ 	2.536562	0.121521 ][ 	2.647560	2.434129 ][ 	-2.920203	3.063105 ][ 	3.772089	-1.008837 ][ 	3.772089	-0.004085 ][ 	-2.481285	3.317583 ][ 	1.000000	3.531098 ]	((g)-(x))-((g+(g)-(x))*(v))
3	2000	0.0010779622 [ 	-1.504086	0.376449 ][ 	3.190881	2.300335 ][ 	2.505268	0.334354 ][ 	3.481284	1.128469 ][ 	3.018550	1.980318 ][ 	-2.718029	3.013719 ][ 	3.718029	-2.013719 ][ 	3.230692	1.638199 ][ 	-2.890607	3.237648 ][ 	2.804020	1.644194 ][ 	3.450050	-1.661452 ][ 	3.763420	0.070914 ][ 	2.690107	1.390997 ]	(g)-(x)
4	2000	0.0001378180 [ 	-3.521862	-3.562585 ][ 	3.526033	2.770090 ][ 	2.953694	1.913794 ][ 	-2.770348	3.153207 ][ 	3.325806	1.459672 ][ 	-3.786024	-3.284899 ][ 	3.608559	-1.782435 ][ 	3.256050	-1.395778 ][ 	1.615712	-4.244746 ][ 	-3.955438	-3.481275 ][ 	3.837875	-2.166083 ][ 	2.687029	1.383912 ][ 	3.054497	2.095832 ][ 	1.369440	3.374137 ][ 	-3.908716	4.428873 ]	((v)*((x)-(p)))-((x)-(p))
5	2000	0.0003589434 [ 	2.503832	0.342044 ][ 	-3.795042	-3.300737 ][ 	6.000000	-4.623627 ][ 	3.237758	2.367937 ][ 	-2.681334	2.968124 ][ 	-1.697819	-0.412610 ][ 	3.718368	-1.333813 ][ 	3.037878	2.057938 ][ 	-5.000000	5.623627 ][ 	2.675254	2.401499 ][ 	2.518325	0.786584 ][ 	-0.664446	3.797911 ][ 	-3.601845	-3.479277 ][ 	2.465255	2.616503 ][ 	-1.858209	1.749473 ]	(g)-(x)+div(div(p,(x)*(((div(x,g))-(p)+div(g+g,(g)*(x)))*(g))),g)
6	2000	0.0000012054 [ 	-3.563913	-3.037676 ][ 	2.999713	2.000299 ][ 	2.610320	-0.170207 ][ 	3.619812	-1.731278 ][ 	-2.805043	3.130075 ][ 	-2.421428	2.628539 ][ 	-4.772114	0.000000 ][ 	3.199654	-1.311153 ][ 	0.666707	3.639936 ][ 	-4.177009	-2.729568 ][ 	-3.757615	-3.302274 ][ 	3.460131	1.186682 ][ 	-1.910706	1.847031 ]	((p)-(v)+div(v,p+div(p+div((g)-(x),(g)-(v)),(g)-(v))))-(x)
7	2000	0.0002741633 [ 	3.152091	1.771916 ][ 	2.707675	1.432805 ][ 	3.341019	2.518056 ][ 	3.587589	-1.834822 ][ 	3.493912	1.099449 ][ 	-4.793603	-0.250548 ][ 	3.036953	1.946537 ][ 	-3.298833	-2.728230 ][ 	-2.747375	3.159551 ][ 	-3.781742	-3.279331 ][ 	0.385138	3.710135 ][ 	-3.120693	2.910663 ][ 	-4.034999	-2.952810 ][ 	-5.000000	-4.623395 ]	(c+p)-(p)+c
8	614	0.0000000000 [ 	-2.598730	2.875462 ][ 	3.354129	2.534786 ][ 	2.563319	-0.025845 ][ 	2.557046	1.000000 ][ 	-5.319136	-4.964548 ][ 	3.277188	1.560602 ][ 	-1.508387	0.679092 ][ 	6.000000	-4.622819 ][ 	3.699783	0.425819 ][ 	-1.683572	-0.385177 ][ 	3.525023	-1.820360 ][ 	6.000000	5.623822 ][ 	3.135411	2.219295 ][ 	2.919120	1.861490 ][ 	-3.778389	-3.257993 ][ 	3.468134	-2.195488 ][ 	3.779051	-0.000302 ][ 	4.153298	-2.557789 ][ 	3.525023	1.009625 ][ 	3.000000	-3.000000 ][ 	-2.703865	3.190382 ][ 	-3.000000	3.000000 ][ 	-3.611236	-3.090739 ][ 	-1.830838	-0.692746 ]	((p)-(v))*(div(x,((v)*(p)+v)-(p+g)))
9	2000	0.0000057909 [ 	2.685633	1.381394 ][ 	-2.159169	-1.252308 ][ 	-3.088309	3.478896 ][ 	2.549884	2.530442 ][ 	3.079976	1.885048 ][ 	-3.897028	-3.129067 ][ 	-3.727847	-3.344351 ][ 	2.875426	-3.165732 ][ 	-2.478044	3.318956 ][ 	3.042522	-1.070561 ][ 	3.159169	2.252308 ][ 	3.576928	-1.870532 ][ 	3.414048	-1.621770 ][ 	2.582874	1.084172 ][ 	3.471691	-2.171824 ][ 	-2.805023	3.130884 ][ 	-1.936764	3.553176 ]	(p)-((x)-(div(div(div((div(v,div(x,div(c,x))))-(c),p),x+c),(x)-(div(x,x)))))
10	2000	0.0000510314 [ 	2.995510	1.992261 ][ 	3.594269	-1.863864 ][ 	-3.591100	-3.070644 ][ 	-2.822727	3.110794 ][ 	-3.794017	-3.266443 ][ 	2.519149	0.232489 ][ 	-0.372852	3.799519 ][ 	-1.755905	1.542925 ][ 	2.828073	-0.690115 ][ 	2.696070	2.376885 ]	(div((g)*(g),p))-(x)
11	2000	0.0000956717 [ 	2.988970	2.017265 ][ 	3.439301	-1.650768 ][ 	-1.494395	3.684861 ][ 	-3.774187	-3.291435 ][ 	-2.824812	3.122786 ][ 	-4.195710	-2.700390 ][ 	2.842491	1.719240 ][ 	3.631668	-1.908924 ][ 	2.814465	2.240199 ][ 	-3.935553	-3.459324 ]	((p)-(x))-(div(p,((g)-((g)-(v)))*((c)*((g)-(v)))))
12	2000	0.0000934308 [ 	5.472403	5.052388 ][ 	-3.005317	3.377669 ][ 	-3.782581	-3.279044 ][ 	2.588779	1.119948 ][ 	3.607970	-1.774845 ][ 	2.512138	0.710579 ][ 	3.220561	1.661366 ][ 	3.147604	2.233923 ][ 	-1.737493	-0.503950 ][ 	3.035329	1.949222 ][ 	2.514463	0.265394 ][ 	-4.172559	-2.738478 ]	(div(div(div(div(v,div(g+p,x)),x),g),g))-(x)+g
13	2000	0.0000890556 [ 	-3.633056	-3.447499 ][ 	-3.502304	-2.967945 ][ 	-3.034025	3.417211 ][ 	-5.972973	-5.656258 ][ 	0.842005	3.586795 ][ 	3.631355	-1.703999 ][ 	3.006561	-2.990580 ][ 	3.019169	2.027142 ][ 	3.201679	1.690439 ][ 	-3.781444	-3.281145 ][ 	-3.993439	2.009420 ][ 	3.738714	0.226017 ][ 	4.147476	-2.550054 ][ 	2.963099	-0.935816 ][ 	-2.827621	3.158131 ][ 	-4.651914	-1.623093 ][ 	2.562006	0.000000 ]	(g)-(div(div(v,(x)-(c)),(div(div(x,(p+x+g)-(x)),c))-(div(v,c)))+x)
14	2000	0.0001491467 [ 	3.005344	2.008263 ][ 	-4.448060	1.208494 ][ 	-1.565853	-0.018363 ][ 	3.621116	-1.890620 ][ 	2.275308	-3.784656 ][ 	-3.737298	-3.331322 ][ 	-3.586098	-3.495121 ][ 	3.437539	-1.651278 ][ 	-3.572654	2.509510 ][ 	-3.381045	-2.827332 ][ 	2.726802	1.479532 ][ 	2.879244	-0.788644 ][ 	-2.817538	3.126065 ][ 	-4.687578	0.486880 ]	(g+div(div((x)-(x),(g+div(v,g))-(g+div(x,g))),g))-(x)
15	2000	0.0005010671 [ 	2.989014	2.014292 ][ 	-3.772761	-3.285407 ][ 	3.777084	-2.097012 ][ 	0.895349	-4.568875 ][ 	0.599475	-4.658519 ][ 	2.547720	0.939418 ][ 	3.275551	-1.419235 ][ 	-2.627452	3.231620 ][ 	3.574549	-1.822391 ][ 	2.989014	-0.981490 ][ 	-2.862660	3.091928 ][ 	3.649486	0.631836 ][ 	-4.458064	-2.183776 ][ 	3.203726	2.322545 ][ 	2.614958	2.466338 ]	(p)-(x)
16	2000	0.0003012008 [ 	-2.765356	3.154212 ][ 	3.797469	-0.731481 ][ 	2.530061	0.846851 ][ 	-3.729389	-3.341884 ][ 	-2.520337	2.762214 ][ 	2.709767	2.362751 ][ 	-4.447605	1.207861 ][ 	-3.060625	3.445180 ][ 	2.978039	1.964581 ][ 	2.567319	-0.025214 ][ 	3.190003	2.298892 ][ 	-2.021611	-1.036705 ][ 	2.518541	0.234650 ][ 	3.434405	-1.655665 ][ 	2.709991	-0.441523 ]	((div(div(g,p),(p)-(p)))-(x))-(p)
17	2000	0.0002880325 [ 	-2.614019	2.887073 ][ 	-6.000000	-5.684627 ][ 	-5.000000	5.623384 ][ 	3.218835	2.341813 ][ 	3.672974	-1.540580 ][ 	3.614019	-1.887073 ][ 	-3.782950	-3.284127 ][ 	3.485004	-2.115633 ][ 	2.996288	1.992306 ][ 	-2.779316	3.142806 ][ 	3.361669	1.399727 ][ 	2.563604	1.000000 ][ 	3.496194	1.096765 ]	(c+(c)-((g)-(x)))-(c)
18	2000	0.0001285804 [ 	-4.558222	-4.145886 ][ 	2.797314	1.630381 ][ 	-3.126077	3.524537 ][ 	-3.798178	-3.266440 ][ 	-2.896264	-2.244370 ][ 	2.725879	-0.482166 ][ 	-2.718264	3.184296 ][ 	2.533317	0.869162 ][ 	-3.321444	-2.756441 ][ 	2.914697	1.855913 ][ 	-1.045106	3.765850 ][ 	3.037150	2.061203 ][ 	2.050376	2.963011 ][ 	-1.797314	-0.630381 ][ 	3.562182	-1.912008 ][ 	-3.558958	-3.526694 ]	((p)-(x))-(((p)-(g))*((g)-((v)*((x)*((x)*((c)-(x)))))))
19	2000	0.0002331658 [ 	2.968751	2.043671 ][ 	0.000000	-4.772482 ][ 	3.315439	-1.483149 ][ 	6.000000	5.623411 ][ 	3.238181	1.631162 ][ 	3.590701	-1.828304 ][ 	-2.808586	3.144203 ][ 	-4.666533	0.568063 ][ 	2.077670	2.942772 ][ 	-3.829187	-3.338216 ][ 	3.781697	-0.886091 ][ 	-3.654473	-3.141064 ][ 	3.460622	1.175130 ]	(p)-(x)+div((c)*((x)-(p)),(div(g,div((c)-(x),(c)-(v))+p))*((p)*(p)))
20	2000	0.0000120954 [ 	3.584056	-1.849713 ][ 	-3.796720	-3.304695 ][ 	2.993066	1.988714 ][ 	2.291012	2.772688 ][ 	-3.523488	-3.559791 ][ 	2.523488	2.559791 ][ 	-2.812297	3.142282 ][ 	3.728801	-1.276731 ][ 	2.694727	1.406659 ][ 	2.554922	0.968035 ]	((g)-((div(div(v,p),div((g)*((g)-(p)),c)))-((g)-(p))))-(x)
21	2000	0.0000442598 [ 	-1.500098	0.506952 ][ 	3.335173	-2.448563 ][ 	-5.340922	-4.987744 ][ 	-2.921683	3.053950 ][ 	3.014840	2.025189 ][ 	3.563741	-1.886329 ][ 	3.465162	-2.169350 ][ 	2.020369	2.986092 ][ 	3.666690	-1.567083 ][ 	-3.634976	-3.123371 ][ 	3.612698	0.781303 ][ 	-2.814750	-4.124866 ][ 	3.417753	-1.619576 ][ 	2.620133	2.462301 ][ 	-2.101532	2.162635 ][ 	-4.644156	0.651775 ][ 	2.546625	-3.536104 ][ 	3.198802	-2.694679 ]	((div(g,((g)-(div(x,x)))-(div(v,c))))-(x))-(g)
22	2000	0.0005570160 [ 	-4.184988	-2.718446 ][ 	-2.779150	3.098320 ][ 	2.561865	1.000000 ][ 	-1.503445	0.618954 ][ 	-2.980126	-4.014059 ][ 	2.306178	2.760678 ][ 	3.306226	-2.503760 ][ 	3.037680	-2.943550 ][ 	-3.775416	-3.284568 ][ 	2.664564	1.332713 ][ 	-4.328085	-2.463479 ][ 	3.013572	2.016533 ][ 	3.566997	-1.826408 ][ 	-1.528708	0.839988 ]	(div((g)-(x),(c)-(((x+g+g)*((v)-(c))+g)*((g)-(c)))))-(x)
23	2000	0.0000978960 [ 	-3.794852	-3.300370 ][ 	3.440062	-1.657922 ][ 	2.648128	2.429912 ][ 	5.032865	4.567732 ][ 	2.503025	0.588866 ][ 	-4.209682	-2.676579 ][ 	3.583815	-1.851732 ][ 	3.412438	2.617289 ][ 	2.850449	1.734456 ][ 	2.854221	2.195508 ][ 	-4.106714	-3.650050 ][ 	3.419114	-2.272119 ][ 	3.744191	0.197338 ][ 	2.515259	-3.566894 ][ 	-2.860368	3.200116 ]	((g)-(x))-(div(c,x+div(g,c)+g+g))
24	2000	0.0002476530 [ 	2.513887	0.763229 ][ 	2.848104	2.191983 ][ 	3.163365	1.758430 ][ 	3.551559	-1.809992 ][ 	2.758883	1.549734 ][ 	-3.824040	-3.229478 ][ 	2.972876	-3.037757 ][ 	2.986958	2.017744 ][ 	-3.477540	-3.605475 ][ 	2.622525	-0.213751 ][ 	-2.832397	3.166328 ][ 	-3.251729	-3.805426 ][ 	2.856762	1.746787 ][ 	2.522460	0.189864 ]	((g)-(x))-((div((g)-(g)+v,div(x,v)+v))*((v)-((p)*(c))))
25	2000	0.0000012389 [ 	2.836591	1.711010 ][ 	-3.788287	-3.272573 ][ 	2.726896	2.343969 ][ 	3.768430	0.032139 ][ 	3.189607	-1.298492 ][ 	2.439189	2.642928 ][ 	2.669193	-0.343756 ][ 	-2.658557	3.219977 ][ 	-4.148199	4.695713 ][ 	-2.558967	-1.815240 ][ 	-4.009681	-2.985502 ][ 	2.515336	0.254159 ][ 	2.942899	2.081340 ][ 	3.392925	-2.328867 ]	(((g)*((div(g,(g)-(g)))-(x))+div((g)*((x)*(x)),x))-(x))-(v)
26	2000	0.0018160124 [ 	-3.768267	-3.297732 ][ 	2.457191	2.623456 ][ 	3.476403	-1.706724 ][ 	2.740164	1.508591 ][ 	-4.030714	1.955755 ][ 	2.529819	0.832918 ][ 	2.905088	2.127114 ][ 	3.044462	1.933683 ][ 	2.579175	1.069113 ][ 	3.185919	-2.717545 ][ 	3.588947	0.835670 ][ 	2.801587	-0.639437 ][ 	-2.933856	3.052332 ]	((g)-(x))-(div(div((x)-(x),x),x))
27	2000	0.0003231257 [ 	1.920072	3.053069 ][ 	-3.787105	-3.257950 ][ 	-3.927502	-3.112347 ][ 	-2.000884	-1.000576 ][ 	-2.810783	3.137569 ][ 	3.339662	1.435547 ][ 	3.573065	-1.836503 ][ 	2.502936	0.624388 ][ 	2.977267	1.961428 ][ 	4.055774	-2.439248 ][ 	-3.549418	-3.533248 ][ 	3.222034	-1.345179 ][ 	-3.945021	-3.466735 ][ 	3.152683	1.763486 ]	(p)-(x)+(v)*((p)-(p+div(g,div(c+x,v))))
28	2000	0.0000798853 [ 	3.002427	1.995940 ][ 	-4.760483	0.101588 ][ 	3.316201	2.485993 ][ 	-1.555480	0.028037 ][ 	-4.001136	-3.010450 ][ 	2.700913	2.373217 ][ 	3.272562	-2.578787 ][ 	3.548011	-1.941174 ][ 	3.986142	-2.354134 ][ 	-2.729775	3.034164 ][ 	-3.700913	-3.373217 ][ 	-3.157286	2.881882 ][ 	2.532547	0.140881 ][ 	3.797489	-0.662794 ][ 	3.324310	1.462888 ]	((g)*((div((p)-((div((p)-(g),p))-((p)-(g))),p))-((p)-(g))))-(v+x)
29	2000	0.0000643366 [ 	-2.808199	-2.135058 ][ 	-2.862865	3.094251 ][ 	2.564208	1.000000 ][ 	3.001755	1.996835 ][ 	3.533769	-1.988938 ][ 	-1.490246	3.684879 ][ 	-3.346635	-2.785611 ][ 	-4.358738	1.400070 ][ 	3.107105	2.171733 ][ 	3.521577	1.024297 ][ 	3.343343	-1.522950 ][ 	-3.771912	-3.275438 ][ 	3.615626	-1.753534 ][ 	2.500311	0.464243 ]	((g)-(div(div(div(g,p),div(v,div(div(g,(p)-((c)-(c))),g)+x)),x)))-(x)
30	2000	0.0000076289 [ 	-2.130522	2.207040 ][ 	3.406533	-1.609676 ][ 	3.000901	1.998936 ][ 	-2.856621	3.191156 ][ 	-2.713344	3.014642 ][ 	3.525826	1.013912 ][ 	-3.501816	3.966568 ][ 	-3.947793	-3.069907 ][ 	-2.460237	-4.328085 ][ 	3.579902	-1.862561 ][ 	-3.786504	-3.292179 ][ 	3.273899	1.565784 ][ 	3.420693	1.257626 ][ 	2.500310	0.572176 ][ 	-3.649150	-3.135323 ]	((g)-(x))-(div(div(c,p),((x)*(((g)-(x))-((c)-(p))))*(x)))
31	2000	0.0001002839 [ 	3.555773	-1.836252 ][ 	2.721348	2.345039 ][ 	-2.801863	3.132916 ][ 	-3.214129	3.630595 ][ 	0.091522	3.760472 ][ 	-3.702386	-3.196161 ][ 	-1.594268	1.125951 ][ 	3.786883	-0.849925 ][ 	-3.458526	-2.915662 ][ 	2.929178	2.095000 ][ 	3.203152	-1.318693 ][ 	-4.054612	4.591979 ][ 	2.919235	1.856781 ][ 	3.737395	-1.235394 ][ 	3.425333	-1.638242 ][ 	-2.953628	3.315092 ][ 	-3.050739	-3.963112 ][ 	2.298138	2.765653 ][ 	1.728030	3.178584 ][ 	2.731085	-0.487588 ][ 	2.528479	0.801781 ][ 	-2.201828	-1.316355 ][ 	2.783153	1.601578 ]	(g)-(x)
32	2000	0.0001668999 [ 	-2.913584	3.265455 ][ 	2.801086	-0.637557 ][ 	2.996297	1.992908 ][ 	-4.490551	-4.070647 ][ 	3.709809	0.382043 ][ 	2.578620	-0.066699 ][ 	3.672329	-1.541303 ][ 	3.612543	0.759807 ][ 	-3.730277	-3.344768 ][ 	2.499772	0.516595 ][ 	2.823905	1.683096 ][ 	-2.348314	3.382924 ][ 	2.685753	-0.381856 ][ 	-3.382250	3.827629 ]	(x)-(x+(x)-(p))
33	2000	0.0003308566 [ 	3.640630	-1.924333 ][ 	3.089385	-1.145022 ][ 	3.355947	2.538988 ][ 	3.030520	-2.954369 ][ 	-1.596550	3.659023 ][ 	2.556884	0.995326 ][ 	3.285911	1.529598 ][ 	3.012034	2.019372 ][ 	-1.503087	0.591712 ][ 	-2.968050	3.023310 ][ 	-3.752614	-3.313189 ][ 	2.546783	0.070893 ][ 	3.668893	0.560650 ][ 	-2.784143	3.107370 ]	((g+(v)-(div(v,g)))-(x)+x)-(x)
34	1053	0.0000000000 [ 	3.643959	-1.656385 ][ 	2.871340	2.180302 ][ 	-1.600703	1.121395 ][ 	2.987363	1.999690 ][ 	-3.935080	-3.447412 ][ 	2.377705	2.695511 ][ 	-2.865638	3.196647 ][ 	3.133524	2.205193 ][ 	2.728678	2.340552 ][ 	2.571719	1.041105 ][ 	3.454645	-2.226275 ][ 	-3.737640	-3.340241 ][ 	-3.554237	-3.026471 ][ 	3.771625	0.000000 ][ 	3.053930	-2.920038 ][ 	3.724534	-1.312405 ][ 	-2.592712	2.915245 ][ 	-2.606801	-4.248308 ]	(div(x,div((((x)-(x)+v)-(x))-(x),x)))-(x)
35	2000	0.0004986150 [ 	2.796329	2.268577 ][ 	2.500548	0.464323 ][ 	-3.023244	3.402323 ][ 	-3.661621	-3.149717 ][ 	-3.817104	-3.325751 ][ 	2.969501	-0.951694 ][ 	-3.421525	-2.873222 ][ 	2.778949	1.580977 ][ 	-5.804780	-5.479048 ][ 	3.581989	-1.835858 ][ 	3.801749	-0.508364 ][ 	-2.843532	3.180163 ][ 	2.678140	-0.363483 ][ 	3.004105	1.980264 ][ 	-0.749733	-4.793729 ]	(g)-(x)
36	273	0.0000000000 [ 	2.956019	2.046318 ][ 	2.487566	0.379415 ][ 	-3.775572	-3.300174 ][ 	3.439846	1.225292 ][ 	-3.550280	-3.549028 ][ 	2.068433	2.959222 ][ 	2.573217	-0.066241 ][ 	3.094888	1.895751 ][ 	2.518453	0.797726 ][ 	-1.852542	3.574477 ][ 	2.606117	1.129883 ][ 	3.368510	-1.571627 ][ 	-3.000000	2.978371 ][ 	3.603925	0.775058 ][ 	2.710395	1.409632 ][ 	-1.529844	0.156958 ][ 	3.711620	-2.013832 ][ 	3.315131	1.604913 ][ 	2.775644	2.265407 ][ 	-5.974204	-5.657465 ][ 	-3.000000	3.000000 ]	(div(div(p,div(g,(v)-(x))),div(g,g)+div(div(g,g),(p)-(g))))-(x)
37	2000	0.0019462182 [ 	1.155310	3.468189 ][ 	3.017549	1.958251 ][ 	-2.851625	3.188747 ][ 	-3.502507	-3.582123 ][ 	2.501156	0.478964 ][ 	-2.554864	-4.278464 ][ 	2.559747	0.008298 ][ 	3.787159	-0.840967 ][ 	3.587889	-1.817096 ][ 	-3.797191	-3.304481 ][ 	0.091906	3.760455 ][ 	-3.009462	2.993043 ][ 	3.249322	-1.388923 ][ 	3.771625	0.004407 ][ 	-4.740414	0.221905 ][ 	2.413084	2.663385 ]	((p)-((x)-(g)))-(x)
38	2000	0.0001614516 [ 	2.561559	1.000000 ][ 	-2.143418	2.233516 ][ 	-4.095842	4.637424 ][ 	2.946199	1.908420 ][ 	2.651265	1.290093 ][ 	1.260744	3.424223 ][ 	-3.866003	-3.180149 ][ 	3.468111	-2.158536 ][ 	3.568170	-1.861116 ][ 	2.819244	1.670486 ][ 	-4.402776	-3.976546 ][ 	-3.474999	-2.935697 ][ 	-2.521443	-1.765133 ][ 	3.198137	1.695475 ][ 	-1.963712	3.545455 ][ 	-3.201040	2.847381 ]	((p)-((v)-(div((g)-((p)*(div(g,p))),(g)*(div(p,g))))))-(x)
39	2000	0.0001755360 [ 	3.629449	-1.698071 ][ 	2.859456	2.185717 ][ 	-4.255358	-3.815295 ][ 	-2.824406	-2.153336 ][ 	-3.635617	-3.441452 ][ 	3.302850	2.464681 ][ 	-4.051527	-3.588617 ][ 	-3.786029	-3.287514 ][ 	-3.324897	-3.749725 ][ 	-1.646563	-4.645613 ][ 	2.869954	1.763690 ][ 	-4.000000	-2.999991 ][ 	-3.281451	-2.709073 ][ 	2.612414	1.175417 ][ 	2.764470	-0.562110 ][ 	-2.756326	3.161578 ]	p+v
40	895	0.0000000000 [ 	2.875419	1.752305 ][ 	3.018621	1.975031 ][ 	-3.926749	-3.099265 ][ 	3.602429	-1.838140 ][ 	-3.797640	-3.303875 ][ 	-5.000000	-4.623522 ][ 	2.500738	0.434325 ][ 	-4.432984	5.007706 ][ 	3.726232	-2.028421 ][ 	2.126156	2.907914 ][ 	-2.816829	3.154244 ][ 	-4.586718	0.839386 ][ 	2.555758	0.026760 ][ 	2.337646	2.733529 ]	(g)-(x+g)+(div(x,g+g))*(g)
41	2000	0.0000390059 [ 	3.799315	-0.394439 ][ 	3.178908	2.281563 ][